-163,0026781358971	-5731,2153099399875
-183,77796183798756	-6511,728755584813
3,6142221810885076	901,31727519883
157,4127933782528	5957,686678506177
-77,48971319598411	-2038,8763534756959
183,2920300624379	6463,929864577638
-67,53044285796204	-1914,294885295588
47,28783773954092	1806,9775585803648
-70,87920855555763	-2557,2027986397297
57,08469351380529	1774,5331314291443
-171,38960218567104	-5649,3709282719365
-133,93705860475274	-4516,275409113085
196,2527414998101	6589,612317716373
134,45511516909596	4489,3588234079225
-12,508771206072197	-555,4688870090356
-100,64044829619843	-3296,7207289461508
-120,90391346077149	-3094,7097658087705
10,085935652033186	514,8810040897097
-55,74563077731216	-1459,6529748331395
71,43511652869108	3176,7295780980444
-107,9220273939477	-3937,0917259803423
-53,641386646706906	-2412,8387752368644
-171,50464289375725	-5658,667685076211
-132,07671406358344	-3080,756842398833
-173,3573196837927	-5408,5606461406705
158,47871275751822	5212,043680805127
-44,48631830588715	-687,8479177903101
-154,1287714044559	-4313,521243071202
15,275004063343772	461,0563804373894
-160,88504990011234	-4967,006868310884
-194,17552390528198	-6141,000966071871
21,954016229377203	1539,2472645016355
-53,32854751191974	-1690,1253611159977
4,615314389456785	19,646912928256484
40,24050641360043	997,5270794276439
167,10995044686706	5776,450265290519
-52,33483354498367	-1644,991237314036
-94,11624301269859	-3741,467782751429
-170,6473574907365	-5105,41063440505
102,97476733490964	3524,821963164626
-174,2161300406882	-5816,957035909526
-181,84719134544622	-5435,639730766041
-132,31212192155652	-4261,681341384039
-179,6348535906078	-5163,933080779755
-144,6557164616724	-3599,6367430757196
20,04597197161729	1077,8693353547346
130,73043615545453	4421,397073241116
-38,09147617301687	-896,190942895436
188,0538261575341	6445,695745909171
61,03321507919554	1982,984932896442
-193,1044553765936	-5859,62295432186
121,33569833650984	3479,911610324598
86,31902672207605	3394,069305175616
-147,07716301414308	-5902,251738125649
-160,1671108292427	-5020,677737099134
76,31859506242358	1742,8203554434506
-190,115266168081	-5689,895876159837
-180,8004027945144	-5968,451040013344
-158,29628011381772	-4302,387636210024
-53,04797036150012	-1575,227483343808
-51,00600868931849	-2565,1354962918313
-155,94643785594957	-5634,290489306719
-163,8459958750911	-3937,8225837784166
146,77919305477099	4763,6962409289035
-21,4197004363657	-101,94138958064082
-178,01227328608837	-6113,621272852627
54,72693927301668	2245,968636843068
154,45846622215788	5019,344363949597
-9,221199048301514	-415,1789507023074
-51,56427379222339	-1240,8919500809284
62,547695273228896	2348,4265965125387
-81,20347451926807	-3236,3064832324485
57,02783259193552	2301,9841797811905
-71,81494695901961	-2370,253610998601
-132,6416749549203	-3602,3175645881265
172,7193927600723	5933,178879221953
-139,4847783528353	-4593,9652395688245
104,53953774396155	2735,3022862484413
-24,378427249193237	-341,0525201306152
177,07002056342822	5259,03679491485
174,1104513486606	5739,425361316571
188,12845514340904	5966,206421116845
-142,9196153268315	-4936,6187816855645
-102,83859530970642	-2618,219568737531
153,22399842044774	4782,187105506616
154,8775005621684	3979,335594137329
180,80604667409807	5363,54555484272
4,428029190046914	85,95491986696038
185,81856539601574	6701,542474397954
94,94026071042913	4110,857034533538
106,97747686376044	3359,1859436867176
-128,82831248047768	-4988,944358571974
-86,58623235588232	-2538,768683425074
76,26640634178341	3472,5269258054454
4,0983313385893325	242,40642365547785
4,3856550193752355	454,74732117675205
-187,76626964338664	-6177,395595845772
-197,57861856446743	-6550,097081235608
-101,49558166570404	-3935,0286960050908
155,05293259778318	5169,29567559565
111,054000489298	3764,010438261892
125,28274497154143	4498,854145260785
85,65254187756238	2662,366566122286
150,62870648347086	4791,00030832811
-41,5897918422329	-1450,8135073262101
-17,21477079104568	-1390,3060394025363
-173,7800172228184	-5051,775978568242
-38,95289054284751	-931,7964509736854
-193,5188660120229	-5986,14973984604
-122,29314209473756	-3780,0967386435514
126,63232406116072	4729,817358305566
-60,48815428340265	-1568,0265415263234
17,199951509418725	438,5118160630822
12,233755640697154	696,7720893944771
-124,0736308929786	-4192,261409499698
131,36182078955903	4713,459429137923
-60,95532245145398	-428,8747363216803
-190,97622851281722	-7144,023896133272
-189,30800389316687	-6305,356276316397
-184,4894837478077	-5119,700006900964
-140,5141091951034	-4339,828499190194
93,67298929097524	2537,3937956267
-193,4153924477281	-6206,698715413285
71,6351622202061	2396,3447337554658
-1,9435234054933517	-175,65558298646147
59,671239732281606	2379,031163056418
-86,96798660943159	-2263,8621941381216
19,904957870846715	297,6004487831866
-148,60330386850808	-4583,679891850799
180,87768823625686	6392,703691509115
-172,1262768469428	-5539,51028024793
82,40282430629452	2963,2493316843256
150,96798609060022	3876,825218857246
-186,32327725062873	-6265,014713155268
189,76079586515607	6593,002096094167
55,64166776028469	1490,3467293926624
-135,29686722442972	-4217,1995024462585
-171,4683768141188	-4794,447942436313
150,14567132101308	4763,396021867631
13,25015744600421	-891,5737019276728
70,5810853673405	2498,429917835206
73,61831150144451	3333,2325946281344
-73,85866274201874	-2541,3245120283736
-108,20575247806408	-3569,4886192293957
30,891926554959127	1041,6324100046024
-100,97800198444486	-3701,5277462124404
116,8722920131371	4573,661609704939
50,20346384547224	1853,5757165265027
-94,28643782424206	-2718,8487161117228
-36,19831020811	-661,6920604911058
-178,42110629510478	-4747,5915328911915
-165,37914983724943	-5485,850385396249
148,9116787785871	4809,143149811042
68,64094769895382	2442,536714787615
81,34721376057735	3275,277537387602
-61,78997935393306	-990,9566544134325
-111,55231070865881	-3340,701076930145
7,24711324782686	430,6497119353358
-109,15709718791328	-3282,5948979219743
-69,27308133555107	-2570,798124250469
-104,4983363929947	-3628,9739929503876
9,515881834482798	767,6348026241953
115,91791178685628	3520,3086233860477
-29,6321661357872	-466,8605077052154
121,49686635954038	4957,5228044276655
-161,39813610369515	-5598,604751057767
-0,2537734745575335	-407,8715617285027
-140,70384810630998	-4705,688742073807
99,925585721669	3493,534819411554
-26,150009652520453	-1847,7628063690997
-103,08545190405738	-3517,1798891752164
173,1826550447297	5305,235221556453
143,01767422152022	4149,324986481047
-68,93493209300982	-2812,924963117705
-53,19391326133223	-1639,7336122808067
34,86455230921331	393,7346894947193
165,61344036145988	5604,797245161799
89,04743284114454	3088,887667126104
141,45924528397632	3433,451975020641
34,875662399628254	1825,6076827102556
-132,20176318066643	-5153,770971017139
123,37334009904066	3934,384898573338
61,21568046260654	1505,0786554461592
-87,53229803468469	-3313,742207442084
184,31409258944575	6536,508239711942
78,56180791667157	2694,808860607592
11,91467365958681	501,0850663124222
89,28619283667706	3356,558200567721
45,42481620006947	1539,0413438696457
53,809347540397425	1384,2259203623337
19,09092670466464	504,42013769843237
-196,16107306525964	-6431,119838422609
-114,37357621807848	-3169,4124099435185
106,51648316336559	3269,4444655260218
-76,35853399413111	-2554,3466546474588
105,05802613216702	2878,423677392531
-108,05963994372803	-3253,427451158836
-167,14280282992536	-6035,777455655307
159,5142762549251	4775,945606702844
80,95259517894681	2156,4743834168194
149,039784328206	5080,089749735015
-8,354757622276793	-1443,2636108694776
133,69780732085587	4375,743346918215
191,80899553592042	6460,780810029195
114,82967314979533	3948,3561839008385
-132,57738796315772	-4213,646302406451
57,00323798638772	1619,561616018813
135,2907592228977	4855,822704087428
-189,43823131584566	-6334,38723740361
191,5663274204892	5718,780919972684
84,35750341180142	2568,952029089394
180,03518568103254	5889,102013597472
87,84643836705618	3227,011051191184
-40,29234879542287	-823,9176720963144
-60,55932944668007	-1453,0454513809102
193,0113525510942	5818,08883630863
95,8160532236717	3430,3764029869158
149,04689342222377	6170,696794934871
14,099176967386597	391,2278597499713
-193,02670664676702	-7008,393955545511
-157,98474872595023	-4887,858237454031
186,95298688124842	5863,359316686681
147,50256163578683	4913,366312286321
194,60406385796648	6946,860214637231
50,500243782013854	1249,7650704341338
-53,64643631860031	-1180,3162662163738
-83,53067208796074	-2183,8001338786926
194,6666604916412	6125,305722967447
20,124576566757128	303,2457131621114
-49,81063849187524	-1360,651353277454
156,20448081866584	5589,5939325611325
121,90551299511606	3916,6824928535157
-139,51119783047415	-3275,533218955951
1,9165223331569905	203,89243558139248
-57,89014798405117	-1319,2068282874882
-44,72200328167128	-1514,526635605613
128,98323023981595	4706,52206547293
68,25948032366318	2890,1991152094365
146,24721568284008	6056,146045124853
-74,61053253823002	-2460,974148049835
-173,11773754156457	-5391,92332412182
43,120122233431516	1715,361270761394
-92,79315014238307	-2986,8006272106045
24,79374412694324	1622,6389393264153
160,74644980303128	5105,452155015721
-139,20807281721136	-3942,468954355241
-176,01905775140267	-5222,2339001635555
151,19572250314468	5503,987707153991
-195,15928456788663	-6271,213555566224
62,447359423045555	2548,6797630408873
-51,06696038117093	-2382,531040428664
3,1142606177511425	-143,60891883508936
138,2791286937395	4884,972944192733
143,652923979221	4474,88410661779
149,73863626615446	4825,995736266279
-183,76763936258175	-5338,153425656858
77,0652055150722	2778,3516743288137
1,3247961576686293	196,88305792503655
-144,08676418447612	-4256,460431087939
-192,33160782786467	-5918,103137979393
-62,799044438655415	-2351,6686556003006
47,689738579966274	1391,451123437029
130,1805576621232	3994,0601098443503
-144,80759073037336	-3998,04291630004
-139,37028680055528	-3861,426608779185
131,5983769985728	4884,6537470945605
196,30780057779918	6338,255191325398
195,63300781743123	5485,213063572575
-93,1396004669308	-2845,5329896284684
-108,73007660185567	-3647,2435726311937
63,64704167357854	1879,4415130837256
-193,6889761600882	-6057,267681169182
130,52119799599632	4235,090534466294
-63,47394673367444	-1559,0302039334517
64,54029802066032	1483,7548505131558
-59,69591175433686	-1227,6299652333623
-142,52838632848943	-4335,153853485105
142,32137488061278	4113,907118614767
71,25812992994292	2421,427861214517
-105,73511738425907	-3031,417292928375
154,8848145695016	4891,98382913539
129,85513737170345	4589,155634967749
-41,02688561543948	-1482,041813843689
191,1217873801029	5881,1720012078
-87,48914786654336	-3123,537466690219
-127,14338618470953	-3253,822364600258
-93,19812406526273	-2341,7581251430156
-96,21846107020087	-3549,3890862823732
35,472396017096116	942,8044295075773
29,692894342817	960,1905675359828
-120,23868499089974	-4105,711690178339
-56,280789022355634	-1145,1153475602882
32,274002802827226	1427,4389417577233
-48,57727650086349	-1333,290797897208
-21,720011172323666	-1373,9955536421203
72,3923897259881	1816,8773625496015
154,25661107568328	4870,34279916643
-180,01137970783032	-6339,08870086873
-105,88953501457388	-3193,9496564167744
96,48619951486637	3054,005220150503
135,88483555215828	4218,383575341585
-71,22659042374619	-1885,108902973725
-57,33898001864634	-795,8822498565661
138,41046338458273	4873,800539505279
-151,74761889274413	-4953,519183674713
113,8702368951773	4407,505957827194
175,5879210649748	5197,882326685808
128,56541626253556	4202,534147663865
84,39198451711331	2876,3255234737485
121,53539027457384	4024,4295519436782
113,8671777820175	3016,225756298134
-138,18309381857273	-4313,075818876648
-84,90550204130932	-2016,4353909139354
142,17399236057963	4378,441545025635
32,39811765796401	1676,2155797768853
96,04442898726518	3156,1619823029946
96,60896055297621	3684,1755593344947
16,781024383999124	1112,279781859716
-74,24022786405862	-2922,8721780005626
-96,41834882327026	-3274,745498149435
-88,67978828315978	-3169,5145985902304
-165,0767021305307	-4574,487248806083
0,7357921063376125	-1,1032879596610599
163,07944973561723	5269,745420861134
12,592540582900142	-97,93513056896643
110,35790324446987	3242,228784750083
169,14568922386434	5595,085345243648
67,58485930790346	2079,667471093363
132,34107354974617	4541,260228132331
-59,09985827750904	-1933,1586248939739
-199,79860989526384	-6751,487482357774
189,13111055185834	5114,677997126631
-45,05964767815112	-961,3882919507514
131,76229635534708	4819,059686214023
-190,62524839620858	-6207,350676258341
-197,6811590102642	-5600,647135862732
-134,3487315435026	-4200,084151698082
-175,48592843246513	-5645,030512504593
-181,7236620416926	-5771,248185203414
26,01243820641207	1340,3123529080585
-116,06079186234837	-3442,7697223517366
-32,102601947012545	-1162,7146265165038
-190,63885841676625	-5340,546508516869
-97,12199153236867	-3183,852939289673
-13,206652183512574	-737,445488069102
-97,99382428038552	-3037,9826976082018
128,62405588148147	5793,7864149474635
197,766892488214	5816,556453638805
-170,9918066987721	-5089,748386029796
198,93681263805865	6611,592124830327
-110,53962986223735	-2909,9408259583993
132,20217984569774	4922,598256464856
-40,890614686807226	-776,6703826084001
115,79141445586617	4481,699509384458
106,88564708771105	3000,05347322798
-40,60861994893605	-1194,7191843830076
115,3042918410764	3379,647315077065
-68,60332302130246	-1510,0666030654354
139,1527254028531	4518,434845633783
-35,38722466491174	-1482,2145457478705
-126,38098602103662	-3494,3094477774393
-196,2918245957219	-6480,147531676958
77,02283310652001	1615,630412972206
152,86686380571427	4915,192111088361
-174,579596925805	-5236,829073642812
78,51721232997488	2143,0346478005213
131,4140059941044	4103,78100267875
-41,00028533679688	-895,6972491845288
-15,388737165019506	-95,55976264607199
161,13647291851441	4941,38477773504
-38,526581750735204	-978,9250720962391
125,92498236346955	4515,776934464497
195,82953091700995	6135,660096464635
-128,86278953201912	-4379,3122190883605
181,11754253925665	6102,348164752234
109,81317546954688	3986,4529157173806
188,91813911927625	5940,187374337699
-134,3614754850817	-3887,029082891886
-103,49223964241042	-3519,34768212516
-155,82774977437975	-5395,2640832394
-143,2106703393992	-4178,877880823283
52,4396496657896	1819,9560187411162
163,98280558005445	5044,374010696758
87,90591556015761	2733,7449094517506
82,04585093192372	2628,252708287358
-107,63897158648314	-2922,4018639118112
-155,67564783265783	-5266,072851021944
-33,547147206770546	-455,0613877212186
-152,95860650856508	-3930,7670395308182
119,4018358470828	3844,4657732369374
39,669085162584906	607,2936112181615
152,5149450427774	4734,734513554501
-89,00977836404292	-2493,8606831363586
-29,54605864707014	-246,85164497654853
28,378735818650284	212,07296126388246
89,33878606138319	3315,2838371441476
65,33080384473737	1935,5969564138934
87,20556894353149	2964,7953781511956
-22,40078105049622	-362,0331379980968
-166,94944477652933	-5818,956371682976
-19,50242230600361	-300,609234031588
142,4951270364063	4627,4989199371075
-148,1849454167513	-4992,743471664786
111,43096328126148	3811,441429844322
-84,47372596176206	-2669,5102946994393
-71,8203456068751	-2548,46701731109
-180,73021836559178	-5739,719113186029
6,772194543545538	1081,7254729206556
96,08199903395985	2544,803542742807
79,04071626524512	2545,7423284329366
-187,72764784560138	-5625,30829523263
-59,6824117318954	-1380,4665100010434
156,0657524974814	5345,380813569964
-41,82369079215209	-622,9049943436816
153,7143550592408	5096,248284041546
-3,1468795219149115	-872,0520383117315
154,52313752859595	5871,087169975113
11,031673817681053	371,32215698576186
-3,357882541655613	-184,14122730553106
-16,781271292295287	-515,0710267010941
-44,24934936062539	-1409,6427620089216
122,41462366650694	4612,706100477946
5,418817084775128	1137,7024412480341
139,76334595023854	5035,008494786606
-9,322561937087926	1052,6705215524385
-193,58024536886933	-6471,540922772779
-199,87536554004134	-5836,430571033245
-157,779935001353	-4044,3512225549375
138,96163867999837	4770,082006680303
119,5766095039512	3675,3259502450283
157,65212677447437	5593,877270968524
-122,04217957898135	-3695,964310561596
149,49280497785867	5039,435747537448
94,36277643973744	3007,495049538754
-87,24651665459214	-3715,841448063011
1,1975230079466428	-106,2441778097151
55,573395022085265	2454,543118391845
-30,595769691521696	-1182,0274083251115
167,9331165039374	5181,429227038184
81,65774265809466	2972,4007271332466
-153,67968075992155	-3526,973070440247
-1,015383004159844	188,7226821670429
87,01774176364881	2999,7460616901517
158,4968559314791	5062,589499770922
-140,99919655501492	-4423,202593941399
57,865235554035735	1553,609964607428
163,18701806887248	5423,689413301362
102,39847378061677	4389,377648373396
77,69729233363182	2143,8618775363834
51,92554189386226	1671,3718355346307
-109,84982233837542	-3374,3482518769792
86,98238725001954	2705,3044574541323
57,17078656359024	2017,6017138125085
-67,86831443476581	-1524,2631538510095
65,78297026999098	2518,7872121286305
-30,99552678199302	-639,027812783605
-55,30128366109466	-1440,2144448643514
158,27410606031458	5156,611622071311
-76,68633594595849	-2006,511397388167
124,76756777285232	4245,915929500436
-145,04141859905673	-4800,420055369045
36,196226366086535	1477,8888004842624
86,5906989735596	3018,583945876614
-142,4596327579702	-4123,2238815121555
197,65256452851554	5977,329788922379
125,20675396549461	3716,059478837991
-20,53120697343536	-328,15699460870076
128,404367898661	4088,5855482914603
-71,3959649745708	-1802,7389552164068
-123,68445394524923	-3958,1087731672765
110,91179375261811	3916,847874855545
27,0368699576386	584,9766048283302
161,9718728076474	4424,35679108899
156,7991981413694	4773,275899761399
38,28173399160721	995,3403825583362
164,32353314994157	5665,119046153598
-190,21722012025964	-6115,324620812007
-124,28255260883219	-4749,174251772078
-128,69231623256934	-4446,289806842836
3,1626518169005067	49,198290582632495
118,01738895096696	3768,915244521818
60,192073572176014	2316,7268664562507
-67,83927218302347	-2661,0453404319856
-67,23415315034947	-2279,0590199204453
4,994958134267108	202,2934803358188
-52,5297192610152	-939,5706703105878
-80,93992634183212	-3180,0185755211764
-103,54998251873536	-2645,1662517592686
184,92271449305053	5846,824229230549
77,56534593571985	2361,73278253708
-59,13087782730281	-1663,426022808169
-117,66306278897503	-3302,350486652952
-154,2060899197403	-4677,773790807942
-141,5434958366057	-4333,692617960169
94,41919298831044	3003,4508594020517
119,9930273490279	3675,3130668938343
8,79033051839258	158,223293547052
-153,6793579120129	-5206,920411730044
-70,67990579906996	-1909,0226108521852
-20,753763102175526	-769,5333161391048
118,71122657266926	3824,4205154073543
-99,64850597581415	-2424,386116079081
97,07558092099396	2797,342761643743
171,1917945622555	5677,386892898521
97,34464168600061	3073,8684734781045
-24,77603890662374	-750,780631224049
127,35863270387529	4327,381334725743
127,35325913609904	4314,0415182271145
-74,29838788595453	-2438,251363482024
-168,09139809141158	-5739,3552669656865
-8,423526487375852	797,9413509784027
114,67211491726562	3736,6658547132915
43,334030283715265	1411,828158854021
163,01894965742918	5874,553469094135
44,001452186647384	1418,7322065966823
150,34253271853459	5221,221026045958
-101,6897328079873	-3841,851167131735
78,60887964252333	2050,2366503217468
85,51849503453025	2458,5753262894373
-9,672972202302617	-448,76661268774455
119,07326113585373	4904,134052101275
164,1058371240673	4967,1256964742115
-82,23357715706527	-2523,2011993759024
-125,01266875230027	-4242,735846831157
104,1568043628921	2456,413318186065
-33,57911990662262	-857,2773195406166
-97,76938352047654	-3510,538730336473
122,38720613829116	4260,731785616752
-62,4234975043089	-1543,1966621023657
-98,27211808758676	-3237,367900846109
83,70467455670087	2255,5761828881346
24,56924731245806	1408,565051293617
54,76304799447519	1333,1751494855862
-160,11895648094327	-5437,531740090799
112,81782839265156	3351,1674206848734
126,83078998105145	5125,581883963381
-4,912171610550331	-646,0727297995356
-59,576422996383144	-2607,672018005291
-179,05825077974401	-5521,917985947033
-64,7071195960558	-1686,9148326649147
97,33610054876283	3085,3581760564953
-142,77787176728623	-4693,901749375803
176,378151178689	5742,477467357178
-176,2106454365176	-5919,884793847011
-123,43814749739772	-3312,741418282695
124,11662518621597	4033,225370136556
118,91811545274663	3590,996384221694
73,14810516141586	2696,8276198657463
-198,53757762243396	-6802,558965966047
55,62468063952872	2105,1441554639964
-176,818846838348	-5832,591226384083
-107,95519909719991	-3658,939039194681
9,402924721072281	120,4325996230969
182,9007233056053	5761,776724575987
65,28467818000797	2468,2569257749806
-148,4446954559017	-5330,96475183105
46,06849692594756	821,9634579182382
1,7155695956223553	519,0203199341263
-199,43294746468735	-5994,633410860726
113,12218145224824	3509,9147906386283
162,86277391778071	4956,341476304519
143,643325463495	5183,799931702723
63,18020444697106	1389,5625170299058
-123,52973806912121	-5110,775363025059
-88,29119051759068	-3234,9756551111063
-62,79465891169298	-1265,352738496797
17,18395336215451	-175,55994085374812
-96,57095114983474	-2546,9896719590974
-31,251365589676766	-481,50560676756265
99,72968873941784	2753,449682455279
-163,2674718542529	-4099,550014682968
5,665237045478534	510,2698111875154
-71,1108364292046	-2269,4508375922524
-142,98154230903293	-4566,3340877603
-148,90133065624804	-4665,919578121977
99,27171618090881	3192,7493712450823
154,56950042846188	4651,54556672978
11,078832634412606	762,3436489923608
79,52538629718958	2709,3467107816973
178,32450677688064	5624,000077920643
-120,24238574962948	-3540,097751159993
105,01772364334352	3988,414854117255
128,11296580517114	4256,999600264673
68,84967317104042	2523,3531338210455
51,059372668987066	1213,6121185459456
141,29903775061257	4882,931652083849
64,72841654770173	2026,698737009212
10,959422464966337	-359,16956770339164
-147,55596827871642	-4662,872528137001
134,65657425639108	4638,950577706363
-9,861216828757847	209,9973730528697
55,78264268137923	3203,7509821452813
1,4884060850885135	163,08965836198482
-61,266387961415035	-1716,9822916068779
-181,6803132107528	-6449,899437469937
120,70092825756103	2996,2850602095664
-179,05045314049073	-5949,0239511121445
153,7523385991244	4077,0994413003946
46,25228869263526	1332,4782870990894
23,72758909591107	1381,923998849125
-124,36095565225332	-4236,028068028396
-98,73847335984021	-3113,6341628247
193,61404382051148	6053,692486948426
155,91569600411947	4895,877170894779
198,5487350506935	6249,995635911333
61,0831878552666	2236,0242801992113
96,10146762105967	4281,224480596618
-123,9650975179573	-3595,2734856156108
130,45607828807442	3573,48839203465
157,62253314645136	4826,810239526772
184,81265659925418	5423,671375049427
-188,7255657007987	-5938,5361167124465
-130,55441994380226	-4014,751577032292
147,41202975487215	5199,504320545726
90,00716336034395	2800,7508510566313
-73,48468958014098	-2850,9522891212678
-83,54635176538045	-3130,3784512114803
52,316317994098995	2131,2658302066143
-50,27313328485934	-2448,576102722039
75,18066121804725	2709,43871213516
-16,761502768766945	228,59513005101815
-25,088041054781	-1460,8081471037754
150,2037667495356	5220,331644652341
91,48770180497331	3430,479518804772
-4,49567233865298	-84,74281913580424
106,99605583998766	2838,6904619450625
-103,15846673539147	-3803,4285391469352
123,91909451288302	3134,969189363147
-186,1880248089264	-5611,503594898383
-98,63938181585945	-3556,1764284746964
117,20542246590207	3449,5304334885222
130,95959266482794	4391,137055008315
-177,62361799419654	-5864,329768661735
-28,629297166299125	-1013,0334544371907
155,8124698162519	6741,762309162943
16,85242810224929	747,1618079750601
20,6066642092361	767,7934227146528
100,19357729968476	4283,479613129748
157,96558442133676	4405,777129308289
-136,6703408159675	-4759,943386934808
-132,93991168354705	-4532,983614018424
-23,602043552633177	-403,7358945885201
34,395938857206374	1617,8231115834917
119,81699897004523	3971,9695650229464
180,48083525343066	5592,042322263049
-141,6703033731854	-3832,7332760310387
196,35937690805076	6828,342474878954
-109,53310725260519	-2730,3331527755167
30,072392078089706	1454,1133088976258
-117,67054461903194	-3049,318686597794
91,59999254481659	3432,24117820486
124,33069627665316	3721,5131280083074
113,77102642815021	3420,9131534054995
171,27862074407483	5505,964917901513
199,45518129422692	6276,915527917221
-4,7851684151486324	80,84911119280278
36,57808803052205	704,3201650031964
139,48498267854245	5356,916625659944
91,37129577809822	3835,717568216921
-32,32197822733406	-699,9761305915677
-132,29693275349365	-4293,998699029383
103,10462912260573	2648,974108881145
-157,97894435409194	-5168,345733917991
-58,54188462303216	-1253,1345884838456
152,54531969030177	4563,854539401286
-117,57534479124462	-2907,9334134696846
-54,24450143508386	-1544,4192277118098
139,2919813019647	5316,944329960757
13,310275694757365	1621,2326625864755
-11,843803713638067	-636,1047097387085
28,042709366283702	734,015120783989
105,31299416435968	3684,9560143658805
-145,31558103970872	-4776,046559898291
-40,45580983522484	-1024,4319386224815
165,66819647044917	5406,4110206542
95,77784071393751	3035,6327405141283
-18,765277309564226	-911,6006717171106
50,939593939576184	1354,7192902024117
-48,849840707182125	-2111,0568070106256
189,8455773205327	5898,20768028975
41,21313000507462	2383,3520746234567
153,05335640804242	5017,112209867961
-180,991676142021	-5301,8101735706105
46,90169386242326	2311,1776919600434
40,16959713363917	1017,2409696658478
-164,35624935119836	-5347,576133718857
65,79429220374197	1455,8804884749738
18,575250086663573	1292,5175279746156
47,7841986542569	1419,1985891632264
194,62906374798297	5516,309496132177
-87,97270774043216	-2638,948830472732
-53,22200892148658	-2351,104692531995
-61,12187812961736	-1974,135349133314
-179,52141905143162	-5714,624168972894
-3,104940601510748	-544,0150163866489
177,09419139950114	6072,969203132636
-113,16391486526618	-3108,8282132301765
-58,69557075988632	-1539,298031430179
-195,42943362365975	-4930,397909987759
103,3969557001459	3583,841453888592
171,9456669805577	4912,198941539862
17,692114347171923	342,7038174746096
176,76252544477677	5377,070989717899
11,461702108078725	611,1830107129132
154,24059171083172	4737,418710585173
-44,01758155364803	-853,4185013952783
19,399608161487322	311,36590776593596
-151,89288939595065	-4708,248569358409
-186,71203128066918	-6118,998920757048
71,32480261266358	1540,7209482550304
-169,87043059048972	-5906,880859329681
116,15235866185049	4055,2609075529963
-46,4704388699231	-1580,3074736648066
-66,19777226985991	-1175,6384629139825
-153,49890410526996	-4657,30852361252
-197,57532106687455	-6000,27670134982
85,80043710528139	3180,844642936435
199,83654670001192	6302,734196346159
3,654771794098224	139,1342092966731
63,405098077079174	2197,2545910217345
11,125906449179865	-134,53365861638724
27,578288053472647	1159,741463749662
-144,6429977486057	-4913,399789450845
157,44014748580253	4973,605196833308
53,30212116693406	1474,9093131225031
30,706118702532194	951,8503564589221
184,29462082462896	5924,629255006599
-139,48225974388146	-4317,927439432504
-168,13833579450142	-5748,919840266723
47,33740757981798	1463,2304160009044
1,0163441410077212	-404,21545036256316
-167,98428968590702	-5293,700236378664
163,17055804280608	4793,522194335011
159,89377487791228	4811,786519750881
-106,83559611020695	-3869,6005274204263
153,99029065600485	5086,674671563254
-118,47729659309721	-3648,9119747226296
-174,76528774200278	-5103,502069305296
-157,8656145598406	-4197,182440974018
-85,94932026182983	-1991,3090272218496
113,54689268276547	3338,5008447981077
-34,293399132943364	-333,42603009121876
158,66823808244828	4221,713242728483
0,38126714541522233	-303,04634834742546
183,6881259405867	5641,434725560241
-100,01688066669158	-3199,872752997406
-117,2285783078504	-3725,2103366514048
102,11446417836214	3441,554394805847
-182,441206401964	-6158,825365515403
119,00324954665518	4025,31859315717
161,7164586295513	5768,055441693283
101,7851985413107	3119,2928670677034
-41,80951776984375	-920,447967399672
-127,2501024060092	-3769,729302653628
-21,17651293229983	-682,457486726272
-111,28540437970236	-4111,465077646991
-19,949620893673796	-1823,0039021668401
-168,48585408857207	-4961,938763560129
-142,94761502327378	-4661,434545868361
18,34675850297026	535,7440178144573
-142,45843440111543	-4781,9376056937
-6,616362495774183	-1139,1119467942299
-17,81358373744206	-694,2447444061121
163,3589769263549	4426,4113258674015
-41,69492147233541	-709,9064505270641
-83,58687721212834	-2170,774495095441
-18,76400710078019	-867,598006495252
-168,71688257720007	-5373,441154960642
-57,87309634674625	-1657,1588304301824
-164,39738887491285	-5262,5503103201345
180,2960607287058	5333,470662925485
-130,24702110895277	-4582,188808467259
-64,08743873438198	-1766,734982722963
126,51618172388044	4416,725376396525
-141,85496643994657	-4477,848250076263
-110,09882565787211	-3477,099158128019
-110,63391005594508	-3580,507418296872
-142,2581180162651	-4732,434197994243
-39,650205128035964	-1666,5547512144028
-40,07124496265351	-683,9303892294835
-38,47114588440866	-640,3422518436772
-11,594032018344592	600,4253290193282
-5,142113129959739	-730,4837603773212
-196,82664265998648	-6510,651656235316
54,02894274687742	614,9769323968026
162,12929267513732	5194,282974965422
106,26884356286428	2957,84710637533
175,9046044458421	5479,854397652977
-86,19214526397991	-3255,5020514472985
112,12246536732721	4015,8344866460498
-108,59313397717506	-4381,358311933134
-56,866659443402455	-1696,3712301577432
170,15851160584373	5076,45880830791
-93,21271543771326	-3429,6878687084886
-60,370104944616514	-2370,2690431000833
-36,241844011071976	-1379,4745660402086
-58,65508293679568	-855,230752705289
189,93330460527136	5479,185571214466
-81,62202533430468	-2098,3474944599543
-26,08849158704038	-1396,4110219305765
-186,97199842591397	-5222,775211283693
-72,50844728406935	-2574,2359964557563
-105,62769579540401	-3429,940843409902
-96,55341332392362	-3335,4660225577545
-3,4037553391264055	-411,2088484287206
56,74298686037571	1267,04140324956
146,5707792205602	4294,455255423122
146,13469048668003	4669,11537056437
11,93565509619782	679,0586443721761
134,34233249409863	4906,290334456498
157,8756874957371	5389,992877000762
-20,29605298249271	-555,9022413371359
-71,43510690272967	-2547,701914741539
123,7722853371846	3964,7615748696003
63,02939742795127	2533,7680472058564
-163,42359826068247	-5277,798539058566
-24,11849834004977	-74,01950878952243
-103,42952792293437	-4021,429407463632
-172,6671170929361	-6821,841495678047
72,88279156281612	2358,620510441212
109,85725585740738	3952,509423688727
-107,96110343356179	-3843,9532882252925
181,77930269797832	5409,381283923246
-64,03893561656253	-1325,5886729609792
82,30183302027262	2027,7130980158788
-4,113776226411915	-262,2269493929514
-41,04513258172767	-925,8646410970421
11,64137811615933	-256,87179315018864
127,9146031931333	4650,411176861936
-192,99194571591374	-6238,976260469959
44,853851733247666	1607,9193355351354
-77,09140744440958	-3157,9777638184405
75,48233381012949	1825,4314714172428
181,68588221927143	4821,910669179604
54,66508791282797	1497,1103516065145
-130,82099559396994	-4464,515844011143
-158,76215003622684	-4611,659659745553
32,61352311930386	518,2110360460653
136,79533429608523	4628,27413459335
39,11705582861657	1089,387301106085
-46,82898057321995	-1023,4299444687766
-91,2783802903374	-2579,3412186867877
170,1642382748105	4615,497769612577
-137,837513602907	-3801,9866052504512
-130,16757083119705	-4193,9609181702845
185,4682612553678	4977,309948715711
5,586005396772066	-161,49332922181054
-184,36728714257748	-5835,386619619027
190,10333105076165	5976,640968282325
147,0213241755372	4550,284732572751
140,8370262416007	4593,0772594154205
-152,20768067772656	-5450,234580608829
-24,008007009407265	-1469,0383859472613
169,3541985873212	5001,710872505158
-71,68217928274748	-1332,5293723112702
-115,30109415666902	-3296,2735931318416
-101,02284822616781	-2752,050326549967
-10,559675665003283	25,41440022257541
-153,9381119539163	-5080,69726011515
-54,20358978270997	-1206,8385502543688
192,67092968930353	6578,706920648524
26,876328948915557	1254,1090557098119
-183,12479503903603	-5680,833499360656
-158,10842660744282	-5082,065092000446
72,86007624562808	2750,4966235978695
-37,79464142549159	-962,8424856085237
-23,999736922078228	-172,6239902993367
-163,67790459024275	-4741,230374945183
-110,41894260214013	-3709,6467337902636
-155,5410890447264	-5032,377913481957
72,6096911154749	2603,7877099821144
-148,40251318245538	-4323,312266287227
-189,8962385672487	-5483,328478296204
8,565862916050492	-543,1319308954486
-190,35242003364107	-6763,356865142925
-190,69169046887532	-6519,3283361098365
93,46677096140047	3775,2347866209593
189,66420514722768	6386,984965156926
-199,74106365139448	-6128,409251755262
125,22705570641278	4179,893989158174
59,73881488102086	2519,9076388109465
3,39937941395317	80,29554900278018
126,46181249505935	4912,512697471324
-130,3995206795945	-4233,084511085547
-41,538808817427025	-1571,396038945757
-19,195722896128927	-611,6822319887375
-12,165776624007549	-96,0000324424341
-136,46479291269333	-3584,3867802641175
-56,43103385736936	-1851,910047717325
196,56165288418504	6018,386479527628
181,82617711279943	6035,2434954591445
-119,18063257171025	-3901,9738520932297
124,33940874261089	4305,403278087414
-194,58102201432786	-5909,585241610996
70,6654495797834	2526,416231054151
7,6938517422515815	650,4814764263813
88,47504685062506	2579,060493495674
53,27620943873046	1645,0901978753532
132,87965541852736	4772,838653537644
176,84731006509867	6327,934890427487
-186,67565519445935	-5797,324592102886
188,63883071672137	6923,779200199064
156,57865883682666	5005,624141347883
80,99080587376704	2790,8798247789373
-101,64135116423347	-2570,8607071731376
-163,03806410207613	-5585,187885613692
44,14102240892419	2326,1219702931826
87,86754929279562	2920,3111277165913
197,5212434350159	5407,677420690196
-15,416848399042578	-240,46199609903334
186,12951699125392	6520,819632086751
-23,943847234206714	-542,8404361879584
-87,91586981630849	-2282,98464543391
-74,93472224536288	-2562,6300075886747
-183,9513034488557	-5295,508510087927
17,1082396549956	851,9799252501092
-93,50139985363927	-2107,2199357311647
32,93647548884553	1917,7755167965674
135,17746509947324	4148,909015151088
105,78895606640788	3875,5825520390263
-177,06116356352953	-5432,966396529653
162,91735983969727	5257,550903972397
14,31910366873592	883,4303675274462
-33,37706820846495	-789,6920919746548
-134,5995265829256	-4339,893842597751
26,642652433408898	799,6634264770285
189,91448567227053	6446,051840600871
184,83607543858443	6432,691827600127
-48,860394430660335	-1648,2662733528298
-191,59566593126624	-5929,6725166935385
-182,95194844976731	-5971,435153203736
9,837955321043523	-409,70107534778265
-196,45245431152023	-5849,917572858382
-148,8714132724349	-4326,0515936547745
81,03971277864389	2559,149726570091
167,888243428142	4584,7184179245505
-51,58173556589031	-1539,2792054444687
-60,040503276630034	-2384,113255036464
181,456557660292	5234,182157544743
7,620714472229338	1095,0410297629692
-88,26590602579404	-3369,549955225233
190,83924759763636	5790,972157767446
-20,853088894173652	-825,1232972086755
142,66728235574112	4415,187730810558
169,71593177621423	5255,625812877416
-126,60834731411342	-4645,012897060399
18,54353095112708	905,1640399013312
-121,34865652162176	-5129,845259190841
161,88066194642897	4519,452372563617
57,34346323223133	2224,702423850346
-71,47799545259682	-3537,560481316337
34,910724834464986	1137,7642106335081
-0,1688835713238177	-85,65636817245462
-87,29256428677127	-2824,321715823577
-34,49229777895812	-645,4441526804683
-133,89215336760907	-3829,144593142408
14,444405867881187	519,9042817377716
-107,07443622838832	-3787,0357879022927
135,2366726876229	4229,672358061707
64,52068817559257	1956,1879303528951
145,602302894922	5071,4112092574605
-47,468063998095545	-976,8884644161974
-57,64018829095926	-2031,8558889505234
-187,8153370971533	-6132,028355552924
-140,55575955906158	-4050,42056618503
21,460341354729053	745,8326737348874
-116,43896776488486	-3836,4243353426446
-77,67436162551871	-3361,1932796701835
194,72808998040966	6260,8923066558455
-122,49216311950937	-3889,8267729288596
12,449931920754807	1526,882661397542
107,19739671210414	3667,1607366843864
158,15122402329916	5109,31530892094
-160,15504111502594	-4874,065158601607
109,10003338878357	3149,115432885267
37,128501515420794	1776,4983111244417
-107,83245015264765	-3482,36946139498
83,07642495603409	3002,399486116872
134,23666335392613	4317,365135318439
170,68568215587504	5374,762625704328
-42,33773538141065	-2340,9888030967804
103,09639435597751	3472,750089412827
42,81326854489964	1082,6797978891539
109,46046000528384	2867,5320612787473
-57,871233929766845	-1780,4352241935826
-164,51156503118398	-5052,291339879481
-21,050116219950723	-956,8109997286208
23,085187359212455	698,1045168950989
-28,373971604565895	-134,14878474688578
-106,2776777587988	-2758,7651156984925
-100,8023162556425	-3059,8745197538947
40,440674264701784	1804,764004929545
-99,30997778341168	-1454,8985136547096
-162,65113756044263	-4467,0263338731575
-106,22184288442622	-3497,4446792504114
105,51328520579648	3163,0553468646767
69,02615849480742	2061,4305364890342
198,53779463339856	6222,6869133483615
-158,23246351692217	-4452,713901871297
-190,2794737309178	-5492,747664630831
138,534487569813	4563,867062738933
45,596364933649625	1202,3967169209043
123,08570928352071	4798,6205517589715
97,96908024550294	3696,7401696752922
-96,46943191836135	-2901,1997200249107
-4,1790300812407395	-641,4880269779312
-17,307443792278946	-512,8673366506307
-20,92940384327585	20,841475767682823
93,64164622670967	3193,2106140512574
56,833652873389156	2775,037432500437
-122,16424108302749	-2945,1475870926306
-106,54318748264683	-3221,5117322234873
174,5076787412221	6288,067770838437
-15,936054420997039	-322,07361453411113
-93,02333894817963	-2909,8786796713252
-76,34167730031663	-2631,9292735597055
105,7981105236953	3051,5477332957207
179,681366445275	6712,661811781986
181,21164592058437	6066,885505508314
146,0555278489594	4510,5820085314435
75,42330963348775	1834,1885979375777
-133,1493320052159	-3803,647928519943
124,13279614809915	4563,890033294759
39,3133252727182	1189,4787203536378
59,28176332320345	2911,277984361115
-21,463689409439894	-554,41209603548
-68,05236927160149	-1644,3845359257102
-175,24904188566416	-5861,076696229808
-74,87515865720036	-1934,0014643110871
115,68662405392331	3749,047854833074
120,84101612403003	3429,1609562514454
46,025141596766844	1427,4519313681762
-109,77172275417024	-3584,119574741254
116,56933210837724	4306,1023075767425
-11,572209928346524	-392,3893057808426
180,26653636382002	6207,817595023746
-155,07121927220516	-5007,434327563018
156,75271964948547	4825,981405152215
148,49429854005916	4019,184143903026
10,565861971798313	-281,9761614952977
55,890014532848795	1816,532247728094
-33,358608916590924	-1394,0036946420505
-96,14921843592913	-2550,0459157286377
-102,29432205726471	-3643,470053668517
-176,6966831712253	-5367,195861555348
-168,25698956026213	-4806,153035850806
49,7767782690097	1169,677693470934
176,14885869373836	5748,614397116082
168,48461074727538	4975,432204781322
-99,03547051481229	-2709,2256434853057
-144,51702746267836	-4944,407785092222
-109,45368182108365	-2553,7696832219017
12,520546988792262	1319,2184281602213
111,09362450094147	3094,6179173028304
154,91604637740727	5844,968317595796
18,215553628862267	612,2650274341254
153,64467519678465	5001,662155985184
69,54394505636958	2176,1324797655293
-66,03479428721414	-2067,44630733073
125,67693026983727	4921,253856244735
-62,878714228928175	-1508,09134640817
-166,23994931376052	-4912,617014872731
21,828420450939007	676,251872858839
-185,87134836530623	-5750,147016361231
81,45981432357792	3539,80287738322
-57,09475241293512	-1901,5405316484116
28,94958746569023	2573,63033050577
-117,21203521703325	-3432,568650151957
-166,66278286576636	-4495,83085235654
-180,3795185412967	-5767,66331558541
75,06982232337668	1768,2827435499519
-183,123177609734	-5579,471114380618
-38,91746065003338	-726,2800148015378
-35,89417513213823	-734,7681984295455
92,91947132571488	2880,270062860117
-123,62949027042009	-3986,851396818734
196,5397515578852	7196,622607182584
118,46083564514208	3326,350393108733
120,7019741038705	3380,634353544172
135,89185108126094	4866,73704369559
114,58035049700777	3690,0936057798435
-194,32960827722275	-6062,639758387917
47,87439552888918	2073,9731741581622
62,27296571504462	1160,9299613097974
54,52569000954952	1436,5210400262204
-174,18720268423488	-6064,506437545148
-101,81311735051463	-3001,485649560566
87,83923561954805	3531,9086052314606
-180,57904070546647	-5204,324175812417
-132,20306883215642	-4303,951155093926
162,84670193015404	6003,398767284447
25,50666170175748	1601,069227787401
158,23095618327102	5388,72285026509
-14,67845120331856	-386,43218248507435
-105,38865920962257	-2977,062077167932
-191,7328798644844	-6441,402865432023
-58,38113464224898	-1707,1402082692405
-160,728136287883	-5278,07705295812
56,165679425468056	1283,2923568696783
149,62613098633608	4298,805281516768
-109,4931519409493	-3275,4872513681703
102,59593730222605	2978,7095517368784
166,31584884609697	5357,171431768288
0,4956174789919032	-319,6123768955189
-198,27693842139985	-6433,363611305165
-12,049194365549056	-243,43677744114123
-140,43979923021885	-4702,370370304084
-168,3434670721589	-6077,606446181713
-168,12932543787775	-5105,780499330527
40,98847593913865	1519,1589672676278
137,8405454019785	4871,517965299702
5,6984299823189986	82,20306770910454
-124,85341119085723	-3772,9896395310097
147,55919033460452	4148,429019757547
-16,81352569553519	-1673,8349986181856
-40,81262693653275	-1202,3682390014371
-110,94372485398736	-3504,6698757850204
153,85518361381173	5267,532877443395
114,90436634036575	3393,471538235628
107,26582112766766	2586,122860649729
115,22183725647187	4210,665097089599
-190,19217528855972	-5418,251673448979
34,52341771931367	1074,8581403458275
-4,348785249777507	-424,49267650252847
199,3959229454225	7368,024311876697
185,5534613969986	5921,699670679104
-116,65830600618455	-1930,4886596481315
-67,74696696025774	-2440,3868494178064
111,13644361754541	3308,1163930319776
-142,58849529621102	-4944,600071628076
-182,46663596244161	-4730,60922701614
-183,84585893166349	-6080,9475036860895
115,42783648967725	3886,4178055934326
172,15353053435217	4493,829914240018
-87,6899166262699	-2974,63738649602
185,48536691374318	6636,6243126959
-197,02400293407936	-6288,8151435326945
-49,802446046001705	-1695,95017172874
162,535279735426	5127,744590702797
-160,2504241705169	-4999,005052661284
186,2444090894686	6422,996453583294
113,83890715219889	4208,241314353372
-140,26581030939457	-3581,191158441941
44,24617088767752	2254,4388303684473
-88,24204459424044	-3177,4582323542254
-40,556726729234356	-1215,91654104872
102,74789968563937	3287,744189820799
148,6483768654424	5165,645997488954
-130,8798213587874	-3559,189986378554
21,558595594739245	1651,3532878606923
44,758414430920766	225,62410943288228
38,781068702761445	-332,78661437863184
-103,29719113561737	-3014,3730467144646
-133,12038412370254	-3981,6075323492846
-107,91794989076163	-2952,533038897827
-90,07771926892303	-3176,531389822764
102,78852037793285	3248,0424001374104
-123,82563636962908	-2928,2353610558766
-10,96483637855124	-221,918100746029
65,18365055946481	2510,4467299523603
-54,68882995808451	-1950,3496677170488
-170,37741286482878	-5015,319634240198
62,526667839356946	2447,2542253681045
49,88149863075728	1478,6800906231638
-129,61028710196666	-3290,695542874742
-120,5126738226997	-3751,4784152067446
133,98594979838958	4707,211788196486
-138,6997704986423	-5106,000815153225
83,73931842800118	2981,091423664039
-103,73509419239826	-3819,8900650422884
168,93200984269845	5442,666044013062
-26,472732790582427	-1378,3310273955312
160,85880687764643	5362,644442336458
-92,32681162745553	-2966,077269299424
69,47764064603018	1921,4401444372581
-9,028978173124642	266,23827853419596
-69,35673057782049	-1851,565658354295
-174,43033804813786	-6093,576986055672
118,55015875259915	3466,1649266494805
132,61003764748455	5180,956033009733
190,3910958703849	6161,8658858525305
-110,72797777903219	-2287,135452380131
-107,77870117536406	-4152,205173330002
49,254052556894635	2085,905239401905
-56,625756868582016	-1563,034908122746
132,68060307934581	4036,387455587099
61,32197691512067	2596,410672162886
-112,10388765880134	-3629,1348992898447
-197,4360689750087	-5384,228188598096
-133,31669603193575	-3933,7389406278307
-25,28918699144924	-650,329217295409
56,084841488943766	1640,439116431618
162,64680168187135	5267,432556350354
58,59657200272443	2065,0486486396726
-114,62263473594436	-4155,3890835398015
-13,258394177060495	-942,851782171872
43,90318442538262	1720,5083642304185
-155,28419173465267	-5139,931673606365
129,3509726400706	3373,262777345287
-24,651900853903044	342,31460720415066
-129,51449290672736	-3838,8141514209615
-195,42133207987388	-6327,872254747026
-196,97204965334709	-6034,059596496784
-120,72518645731776	-4221,116539176736
116,57748473831339	4220,4675740839075
118,20611105247576	4134,423504854678
123,71130049202566	4473,26006008948
86,95366434196126	2160,8774546062778
-23,221713456310795	-1202,8504000090404
-74,73752788943557	-2279,40551501048
-76,73566233442523	-2757,95445958837
-98,58101669948871	-3515,874470881685
25,74102971543016	1045,6110085843425
106,87680458393334	3044,1651279076154
12,88179119348274	551,9709798178363
14,691629589789727	733,4961362139891
-23,117136791102894	-730,4865128233956
199,80736184603427	6674,7471121700355
164,2359781899927	5326,634716658582
172,38880147466648	5829,646742253275
38,22199422341839	1734,1626092966355
-10,777838454114203	370,94553014288863
-64,85604514064153	-1504,9160643838
-151,8725881855686	-4654,634845508603
58,16318776933929	1452,6135557609218
-158,23149844039398	-5154,1844120623
73,02854493706661	3259,818720148916
47,35496885265184	1186,3883616678095
-18,950675221102188	250,79932162635066
-153,287991620963	-5206,956947993439
-143,46323030055981	-4480,205746241403
-110,77553058177159	-3571,7539748831023
66,28240637232068	2176,904522066821
93,18046687537048	3658,8974776492273
-121,31005529143584	-3778,4135285440498
-166,69410529728844	-5132,240751703425
-121,34546699311215	-3336,4247777439878
-3,8752837920497996	-322,0797280556169
-46,67070698319981	-1307,5132916814146
-175,66752920683336	-6051,122483858616
-49,32932791547819	-658,4905025048225
-114,21114181480891	-4707,496124746589
147,38867353578144	4442,773765133429
155,60185783512134	4664,735268594753
108,10370238701626	3111,3407975029613
-122,98586838770501	-4336,2826043125315
66,92329919756821	2583,5772680332084
-103,78115352971366	-3539,3857840786945
2,069970246022308	-400,47215962103473
-163,95155054146693	-6020,6400949495555
-15,592170269153257	147,93275596021545
-103,71460583971867	-2677,4339697779556
-161,88243111841035	-5997,8300724850415
-52,47650868958863	-1558,5751208486447
-69,49405799993019	-2935,1591446759367
-161,9502153729374	-4651,81488632853
-184,45717107719355	-5791,106702200991
147,0138983427995	4621,447021340035
-129,5635341276598	-3213,568428190505
121,37545726643089	4211,972968988778
110,02658649109503	3257,2297029306483
39,80007078374149	1839,2615056715836
-17,94794735703681	178,5186576307285
-95,30769405931528	-2626,4495180548315
-17,50991853447465	-652,1247888156289
-136,97100491924073	-4084,8397798812266
-188,99784294960477	-5780,794119071472
12,241880732365303	1041,6082606935845
14,949558311506962	702,2957935028631
-139,8701491468414	-4429,369956955565
100,74039880379678	3151,647197383507
2,608572467842805	-333,8036154465393
-88,25742645367438	-2535,5740716145588
82,17305518459034	3128,345941723513
8,882086863392828	614,2117610521475
35,880804937035236	2071,906785783717
149,89763678400914	4865,21500469851
-34,56190598715159	-1560,888952529245
137,91645508342276	4476,663995112792
-147,10251660771337	-4492,998636271109
112,21486547748214	4162,374730169104
70,43013176037891	2826,3804539934363
191,09148929078617	6553,602592090661
14,920044361497048	162,01142532370284
46,143268506367804	779,0526454122248
49,912115345384336	1151,1889394946356
44,99845367997102	1766,2835034849068
178,9231739252151	5684,153477090354
-85,49869601025694	-3125,8960004319747
-10,902724006845688	205,2867166100811
-67,74703167743348	-1991,645752548185
-161,21205385343404	-4708,162992693171
-166,75941470399403	-5403,9803037482025
-88,45144931342821	-3112,04408295277
116,50233387634978	4266,929805646571
-182,17811556995713	-6301,865619192941
102,61911023239213	4232,250132567963
28,185778032104054	1484,5961018146754
-52,63567798741235	-1302,4540923902387
-32,66486561015995	-717,7898074106719
-185,31924512312827	-6813,236386561328
89,88662306877325	2436,1330355542855
-8,872765929843354	-60,20567840173834
-96,18235824042529	-2485,9224235461043
146,05580155835003	4283,85475214199
107,73948817357609	3655,161113304781
-156,90230202125167	-4683,531579338315
-42,42942303265022	-1330,2569092323236
50,41242269637553	2579,3714835054006
97,65828409838105	3552,5985704298523
190,2586840991289	6513,607051036851
-131,7600199771772	-4294,895273793154
94,13868352293616	3359,801136511903
101,81180687885978	3905,7934347237638
47,005597670835755	1397,849307731511
54,45098730659333	1583,3746983339001
3,2941806708046215	778,5985059658117
62,45511059320086	2834,1698248699977
138,30914129669054	3272,6194902054585
-59,04544439840049	-1751,1860627370538
-183,93587873710862	-4929,287387961854
76,45626141186233	3701,9105241958578
23,245425424658606	-486,2425035423362
109,08537367566419	4053,748082091972
196,95772424647942	6614,510322409857
-147,7259341634072	-4122,925794150158
37,160609925221706	2065,9756781187552
10,25739283508824	532,5763297935331
181,34283257205016	5447,24147161056
193,99650780698016	5733,942306235108
-146,4871141637227	-4538,743356253195
-174,3297100118225	-6150,1586131585145
-10,136435578314945	432,66817328334116
-103,50028880882036	-3223,429184851886
-87,55043685080761	-3486,361444534711
138,12875465067884	4251,493487249352
195,57992106566815	6489,651285529348
-56,568635471097764	-1081,6691545555836
-172,45685638318162	-5381,333235571401
63,9704781736674	2243,1932667779174
-99,75991768938474	-4225,466761949738
-183,6677226910232	-5570,884046257151
190,11957804451902	6096,9142702442305
72,77702801732073	1841,288404644687
71,07174068752886	1465,178139494495
-39,6878852033733	-1935,6531553783664
74,06644788851042	2402,5057089867964
72,38519882153037	2866,536661304853
92,60240765331571	3099,7460107374045
190,40998611577083	6709,797388396596
-134,10155864229586	-4759,73863663862
-56,24574310136222	-1651,1392525703493
182,40783486440182	6087,489856038996
-99,25456530879944	-3216,5444821848537
-153,3874089556649	-4395,665884997188
-29,36670130724508	-1109,4106028028923
48,95266693218264	2207,162706445005
141,55977549179636	4696,279808780076
-193,89428085415517	-6101,812900209669
-148,79689534078528	-4931,556515718436
157,07666926529237	4887,626354408395
-80,95951067559383	-3219,172464387447
76,87536005147888	1496,8814963581444
-138,62210435784255	-4915,704340504342
-69,154730401483	-2659,16671548909
3,2399527541710995	247,09242840642344
-154,2704109144558	-5378,545830236366
61,310860508910764	2238,875253412509
-171,8292828368871	-5064,72066955213
-172,31770150437535	-4716,078343161771
-199,45428866091692	-5930,113810999888
89,23309397486969	2916,4218391904164
-13,185933040669966	-625,778723312322
165,05710915532484	5452,783496791505
-156,35410833359845	-4063,424701125339
147,63547478777252	4708,278521477032
14,586901335511016	791,7405834483652
-49,83982760098456	-1670,9394906530154
122,8472304809901	5359,913786873135
-145,91574727438098	-4694,561196438026
-83,46725392452709	-2374,3397860667237
162,5804535719136	4593,3518362725545
13,717973435950853	325,6273763495726
-134,30639476520219	-4120,685257677549
-156,49811332888117	-5405,870473954772
-78,73037677906939	-2480,973476371428
157,86682693285115	5017,812631436474
-49,88756106060214	-1338,994033114333
198,73499241985883	7194,751150125436
-37,73337530236813	-1173,9921524374583
157,23148171739967	5320,003026385477
-163,8643330002849	-5888,587510977195
165,31836712841744	4905,302948761163
-98,64489650292063	-3275,935982203515
-140,23948292499392	-4217,870779657368
-175,15083754241516	-5795,852977992634
158,8002502018369	5417,595698874476
157,6114295249306	4914,699071439437
107,62830924117861	2809,374150822237
-11,799800050996964	-641,3725896845182
104,06252834069801	3854,8869454354526
-97,67772088382065	-3518,743902616133
-82,36097560604162	-3044,3574458146795
43,7803172349918	1532,2965409818657
-32,779926804796446	-1340,1808802739404
-173,389090398899	-5436,386023957394
1,4211732248572844	-19,914177352643463
-198,21855206405672	-6673,4883500548785
-42,840394054859075	-1853,6024199822828
-15,2520861821871	276,2030762614928
-65,13950355191992	-1427,1330934568145
4,262219184271316	38,89143874923778
71,69233592782393	1785,9020499242756
-183,9423524064598	-5887,388041711937
43,47304277497153	1680,6847187901133
-139,5833153798473	-4244,564398716623
-164,643684602593	-4855,627274005123
144,77514953282173	5376,6160699469165
-160,6350592289068	-5541,457709341306
-47,78859429688464	-555,7837258592691
-165,61765865651887	-5599,19561426863
33,59988827126563	627,423127564985
0,36871670614141294	-460,01614018029943
-94,90094425492543	-1802,4317782871049
35,73046671190275	926,4130995530284
-136,2555282106727	-4490,5867863054555
-140,9590873196259	-4161,407224233002
13,923581273519744	165,3337885486971
116,51688717600405	2737,1096772120777
113,0473395664826	3724,4510793714344
151,46836030089662	5801,149599523769
136,21546578073242	3953,608515710876
-199,177517376546	-6542,131263451572
21,12527232147454	496,86215336992984
0,13162252907102356	-386,5255003017994
-130,91618684906808	-4678,242474958746
-90,94824190996349	-2895,7949038221536
-80,51335911194678	-2597,378365417631
33,41076672031454	1079,096817590811
150,76734653650612	4502,70481465816
-199,9200986877563	-6635,343979262262
54,6979666459398	2326,864148653271
156,55950290486805	5833,533736385621
79,64942906394606	2917,061844850384
135,5843769112862	3836,95404760766
106,81835784130556	4588,084046607025
-195,6841650917849	-6039,827850653941
124,54695842426781	3553,283097491926
-55,25517556049226	-1417,2526116155057
78,88358501956509	2937,3763719885183
-115,90425316668507	-2796,8980866643506
-13,40365163087074	-120,46732540007827
5,96071649281123	373,2367051100821
-142,68791957260208	-4818,50702430532
-16,945786000347425	-838,8397841228452
-118,83998083032441	-4665,926064293306
-55,49660976857467	-2711,861356505444
100,26261141319071	3422,060281535123
48,28233353191433	2108,622064391545
35,88362092353884	1673,8701281057201
-37,06982260820939	-206,24250021528303
-118,78139826703438	-2840,21216821825
52,794987108980195	2461,7527962972117
149,45635169407194	4585,360113797549
-191,36007566378527	-6208,315381830614
52,713092206479246	2258,2421633710355
107,55469146193525	3930,3445102742467
14,38172593330762	508,3945911467867
-10,001242692925416	-459,63018234192475
-194,49330530716065	-7166,32704242189
113,39787977088213	3061,967909248867
106,81476673347879	3367,631104514985
161,3565060017081	5755,170901732068
172,14817327478283	5154,121058197639
-33,85291393433545	-1044,5046827094773
-106,90496355918543	-3440,008376028061
175,20723620696333	5635,299493828319
172,99088775073585	5565,585610674435
-84,99238154413626	-2539,0224924213694
-185,69222495674273	-5006,250947914897
139,07064468732642	4294,592701841513
-28,805067348406283	-478,2854123848002
-181,56227418438834	-4864,195474639319
37,23790100951146	1205,899241135955
-128,0166019643757	-4290,297239406122
100,37020317337988	3398,8562731850006
-101,39822240735879	-3006,158325031655
18,979791058659544	650,4841215959472
143,7193499519725	4611,058535778027
-28,90508091063907	-1305,58457694214
-134,15081210982794	-4353,189166786193
101,11004653443297	3551,3043126927705
162,3424807800816	5689,156456862721
34,06066392654998	353,11710477842087
18,15071698464817	978,5902638958303
185,01732136918156	6149,929396075606
183,58698386603965	6210,308914307216
-104,90629458585829	-4086,9508058522224
-134,6743779335755	-4310,5618761569685
18,45341313769802	793,9915103309995
-19,417034805716753	-157,47931413183295
-41,309469494493555	-832,7901395426392
-176,08402564356646	-5556,1750801713715
153,1050753363386	4863,262668625327
156,48656409464388	5535,546015485801
44,903291953718735	1629,5850129464284
-59,63561583341834	-1458,278439942949
-133,18003822940454	-4654,308151566433
101,21705734650436	3306,1656439242256
-112,48755050063329	-3199,372528692288
124,07270015191557	3743,6162241627007
-58,82414913926141	-2377,843650719002
187,9551824033922	6835,003737121514
-28,979070596982524	-1156,0519845083388
142,1072456610849	4757,516720777951
-4,374438375919681	147,41129754924864
179,58309869775826	5553,149059186322
86,78581938314244	3265,4816514231557
-50,2378337996754	-1272,7468208018743
65,52004205248772	2707,0323716897674
101,01751637058726	3765,182154727533
-197,81262594185006	-5734,7947630909875
-95,10826452364608	-2900,867731541534
-195,35857391419586	-6399,375365377811
186,93310772137727	6005,292579455121
-79,47376632209671	-2137,7199377968495
34,15997424854777	872,6061137406599
-175,37669484860635	-4940,5408592172535
-119,59362906010915	-3478,641763077065
-44,78374728797371	-706,1893098505695
-52,19874253508499	-1740,111548766316
-18,40164864729479	-592,8562220834564
-136,0091800538599	-4255,098855780905
189,603334239118	6259,022131046697
-88,40495858946076	-2808,133945677796
62,32341601330813	2339,0241767325306
-109,35217625803028	-4147,99755858296
161,55472394122046	4752,690062392192
-135,81921445143206	-3820,0965134264616
-186,54608687371075	-6084,351686450546
-41,513340588134724	-1127,6176395667947
-60,81174992685169	-2010,9905770503274
118,85408589639837	4184,552410391148
-120,00684250329891	-4557,875906032099
-114,99609928395387	-2982,8005622350297
30,723642551547414	916,4986229866206
-186,8482970047727	-5664,24888497043
-153,42576212056514	-4703,105349148184
-26,904967107259722	-696,0985495189578
72,85755078721195	3400,407505548758
149,77189610001437	5492,326061918767
-165,0695465196912	-5270,022271116529
151,76557524889586	4885,762636512555
-143,50206282537795	-4680,213381905425
98,81655743533463	2371,4679462472604
153,35252402493597	4152,374447581612
135,96970370351528	4314,184233210122
15,355287847081854	112,54317707224561
-38,405964158586016	-2046,5970949260904
170,88510396978143	5790,649824023624
104,87744564830462	3247,3164154013984
-15,55171909620276	300,30709079321014
35,45388421073392	2051,781587627794
30,351998788285414	972,063217388646
-52,23575676304847	-1225,4117026053682
-169,16196019456464	-4661,8584665594735
-38,23409802146864	-1491,4102044754927
-197,95317046498002	-6597,992836941552
-79,45945076900409	-2020,873814902094
127,61125130076505	4417,331920501914
46,884418969670264	1878,7659070183736
125,26647748379946	3831,145487816474
106,611137907017	3740,7303965315796
-180,69036107487165	-5707,471872872278
-133,57817886300262	-4622,2464152824405
42,10948887737686	1888,6740555088188
-192,9693834515133	-5123,5557816448345
-62,06143428548728	-2557,6177207247943
109,57369806087206	3298,7266093577323
124,81072968510341	3798,7392262941744
29,91708323346836	1715,850150989494
-105,15717461316012	-2981,3132340762495
102,48007197456377	3245,0269969096926
-79,27400114242437	-2443,5941366918696
-175,69924719084344	-6551,674650547111
93,55231275365122	3787,9756168313675
-22,657560495856842	-624,7527053361783
-81,5142821329298	-2611,686998261948
-88,78142901734208	-2619,6213235117307
17,36762412277767	2059,602668283013
191,14773027989634	5699,395351448804
-141,35330918309597	-5401,584436215127
116,92630693400929	3906,0631475578107
179,5514719281988	6188,756390908187
-153,72604188296287	-4328,45816667867
-156,61081305407657	-4479,758274163621
-197,1688658794385	-6462,880098167162
-122,72536221831746	-3247,963620834411
-144,7665680894052	-3407,3215186280077
-8,662997734566375	-816,2518278660664
-151,73470688528192	-4799,215692228885
-169,55331441869725	-5956,666334505183
182,40678346934465	5616,989596404455
-116,11867779255141	-3270,497715646213
114,03152755189842	3309,8053686253916
52,96308164109212	2108,7393732180526
52,856755721808895	780,316464643395
145,39961558966252	4806,291565728932
84,59436868410342	2494,3765494182576
145,5889781285997	5753,747132705728
144,05603815987934	4715,966941359527
-127,24883145227011	-4131,389317945817
1,3518772506809	514,5727512174797
-68,68549845477912	-2633,766772377328
-36,739074654712454	-825,1494782928398
-5,958723832859164	679,8893981460918
-78,97224896448279	-2254,57406789997
-95,79373970875184	-2912,6713215969667
65,98949297855745	2188,7715888873895
55,78573897376816	1241,4606108441844
-144,48471396296992	-4602,805509026875
177,2734697086761	6768,511496058171
-164,9353689271095	-6000,1260282209205
115,23375078809681	4106,421987073606
-130,91086540011202	-5538,016390693517
71,33104682966666	1599,252860568773
-91,9266360643187	-3419,0836713884614
96,51639382295036	2972,4421828119976
-135,29972803183404	-4366,197714229787
-129,2245773228629	-4434,065801664825
-68,21291546785778	-2503,3271605903324
148,26210298874832	5276,265389269891
96,51950242679709	2616,1371739722354
115,54908888909074	2929,9518904601264
-155,43630875934633	-5048,261936472184
22,23874879103448	344,54494140648444
104,17608989796508	3904,468681188779
-53,04347269483651	-1295,69466180051
62,4150132257904	2184,256204172646
171,74207309740882	5555,507395354711
187,85096951806088	6175,978286222881
-89,58619291272345	-2097,565303242458
152,37269693754376	5505,470294740379
-50,02983000472159	-1635,4195425596515
-164,00823803857776	-4993,972529626932
73,42287798410064	2265,3457279546387
-55,170593285403925	-2203,2957649817204
143,84071760346012	5394,136711725322
-27,764465994904185	-1400,6628639852852
-193,48952160525147	-6128,101672335245
91,45257392275039	3008,198824249571
160,27870719715952	5171,423950134233
165,78738722667174	5533,493941313291
47,35952558206952	2554,757608607226
-132,83128343350404	-4402,086788213999
96,29347855820379	2642,6446797890158
10,881186319153585	-27,024378638120254
-156,53729461067104	-5061,783697966992
-130,18957301376417	-4468,3263041282335
83,83451993747428	3007,6768055978955
18,3272350440526	6,793256472697976
180,34155372525925	5807,095734646921
76,27018811163032	2374,535923827888
-43,19923470476067	-1270,5257564854753
52,2270850637733	649,2462869384219
30,153454099509645	1329,3080058411783
140,69292653523723	4148,15309574659
144,2224553547652	5074,294557168649
148,57867888453757	5339,786485222704
139,0709219220431	4605,000077989292
-158,08008173423326	-4283,969240590683
-80,24780359646309	-2150,2404159410826
45,56773818928855	966,8934863793216
-28,20044547354439	-1485,2680702761536
67,22912977604267	1786,6441591209064
-184,86009689025354	-5453,233748570249
90,12183396319267	3378,5686017279754
-50,80132220811754	-1457,7171859401442
-31,2064226482521	-1729,6215993028768
16,677040649532273	528,2807980899662
-5,207599960319385	208,76399275797218
-98,78194599546595	-2283,421464200807
-133,53035520227434	-4699,871120760987
41,994891480588194	1273,8398657018065
12,636961699138169	951,0799434996482
-81,63761782823588	-2196,5180211465745
-24,16839235957525	-683,5473740826352
-65,07255483449626	-2483,8074895851787
86,90328396591633	3139,9860454072527
135,09194065503664	4123,117690292849
10,942534824714812	-263,1100413637105
79,12252782388657	3200,4119768777055
-109,2916313011088	-3025,9817644532272
-27,532523991140806	-1474,78293964246
-185,0786939389377	-6426,1381422039085
-76,67339727090234	-2074,7306027657396
182,93103354265065	6253,22445297099
132,83584337337106	4928,503285157648
-60,045865793757685	-2113,1890948240502
129,67368496233394	4506,57866673485
-88,2948711826055	-2705,127868538408
107,61976628458967	4011,0686498628556
-135,44255283279767	-4906,2745490763
5,193482924681803	-260,4241138874004
24,896018560255015	1617,0522176303439
-59,51010138990398	-2286,774428156699
190,71083026290387	6284,586070093822
76,18681220344934	3229,3076590771425
114,62095669528992	4004,0958392353828
-37,84794727291717	-1692,082742413532
162,09781879562502	5614,070123224057
32,72525645831229	1116,699551230247
-48,383176770616046	-1816,9703110468404
27,800178066121816	364,1651442544453
-55,70813059996203	-1768,7395368353561
-193,98328018432665	-5549,636694797777
-118,70537075018939	-3049,9722909708657
-16,305280005894815	-817,8898206713411
109,75759125537502	3751,803752174135
-157,05198723060636	-5298,7722979394
170,77703792349428	6133,563681434504
-141,19721106354206	-4125,192323859285
-160,96780297229287	-5157,338808101793
-107,31161388386016	-3275,361598234331
-17,835341549715054	181,3663835791375
162,69508994014473	5340,918840785496
4,998550182847907	-51,22271213450699
-137,79092635189932	-4664,597048823153
-177,58759640612658	-5938,155237947447
1,906034771198165	-91,42037769400673
75,6618570934304	1952,3162201426403
105,44328166358991	3358,691684811608
-95,4255108248961	-3220,296427270634
-11,109334376694505	-255,45301446596903
-6,9952565838184455	29,518426477198574
148,21150141803776	5692,544717031962
-32,587177442222014	-935,9317014581229
-29,72804295120386	-702,9197946543566
-126,70085095533352	-4418,458840275185
-120,99023258501671	-3067,2257385189023
4,712879033305626	284,811943351401
75,9342644832692	2461,1517781439866
-166,08240495502275	-5850,483731897062
149,24530068040838	5255,513578793958
-71,78470314711888	-1462,5429534029458
163,53287103029697	5598,118222526195
-112,05968426724394	-3782,61251760412
-59,67072357898496	-2485,7269275657445
9,530498204265427	987,3532135454311
-68,32980582265748	-2702,905595317077
-131,3840799532917	-4187,960272247388
-27,612947891681188	-835,7473471951231
-45,79472943474286	-2163,81689286568
115,5711555292861	3735,541776577374
88,9821332488807	2074,203692005044
-179,48756319729773	-4420,540461140715
179,8573335816958	6249,834642288717
-24,429261994626927	-281,92249850596517
-30,90170393809251	-737,7729094503946
-44,63230232604337	-2022,913994677092
180,80003733658168	6342,366004227423
-164,23673989824704	-5789,977424693982
156,91576106696778	4687,296992543409
-187,2485687849168	-5843,378672836273
-50,042559508260524	-1587,8433659873067
118,84451815836962	3794,18032258135
20,684935252550304	983,6480943845894
123,39734449103787	3825,882759511157
-127,44315477040413	-4116,748098937956
-153,21068244677207	-4666,146262508855
131,84319881132842	4158,500598311343
-118,77193479328929	-3651,0961635923
32,69505134573171	1145,7221892775349
107,0464775360789	2724,742650853783
-31,4872425161127	-91,95756518486803
194,70491897356862	5624,331950983989
35,313646485219806	1183,569996970573
-112,16322844518152	-3500,601243514631
47,97187262548994	2381,8219337214446
-90,03252284405187	-2609,5547160824362
48,06030912762674	1422,099353529347
132,46855527701848	4417,030151987237
134,73196328396625	4623,270600903388
34,16802340008985	1165,8841966386367
-151,19994045643523	-4734,4083809576905
79,34347252122006	2782,3572777298086
79,54943889048764	2068,862664913987
90,10866489400757	3123,6185654513974
-124,16798732836514	-3848,953101821127
-77,55914679738373	-2427,859883870821
57,47331023294282	2729,0296963126793
188,23446145914136	5651,922866532605
-131,91990444796522	-3485,554233049117
-28,032320433137556	-713,9765787070728
168,54785248124824	5644,953994365032
-59,3007161411125	-2520,2092397935057
-48,290399818103765	-1076,3815855362482
-106,4418737821918	-3020,352330357133
-182,5669665032848	-5192,972850335253
-94,11800308629552	-2972,700895217412
-70,13685658547467	-2090,803436681391
197,60302357140097	6465,869646403693
-179,2697474416837	-5165,206815057315
-28,094506520636514	-965,7902926772111
-10,760747331753919	-473,1996490664551
-96,64106082521425	-2427,3644052041227
-103,31065113464746	-2281,9685693432607
-44,742608119117676	-40,29493631840592
-64,47729869524073	-2524,4820987797775
127,77135412910661	4197,51010575796
110,36289950711841	3251,4326765600563
-123,31491702953014	-3665,6247580631743
-156,32832662162997	-4520,885245994612
175,3685472240901	5576,116564848982
34,48040451562315	1223,817386559237
87,8737767173501	2664,2676150130555
151,01099227185296	4727,154580843537
-56,32896711773492	-1905,752641332623
-90,55674602146047	-3184,988598955426
-169,1049675029946	-5472,4244342743605
186,81231450414032	6530,29818512852
44,346788643724835	597,0803502596152
-31,438819782296378	-849,7333907722107
-26,866289463893963	-699,715893957164
-28,210520651628826	25,4593809313169
50,9085413386216	804,6217007740804
-91,95975946271523	-3681,141834765102
54,356144953262174	2629,0334167690485
166,9737677127648	4728,882578668523
-50,25352244371027	-2443,2081630859348
-174,9042017884259	-5596,3583505223705
199,91459139827032	5934,351911049293
-127,85669152734391	-3881,476745611059
175,8900325278954	6040,8591934408305
-40,326609071334246	-1187,0882207220518
18,414574324282057	630,0325819295458
-65,8409989103285	-2048,3818919150526
-10,080458774169415	-113,54958394233438
-21,394995337326577	72,55894602155672
69,21323135126988	2247,371818930008
191,1616065969879	6969,367036710405
85,10241103011515	2901,403428837702
180,46598210316574	6559,501629478437
-193,00746678349128	-5800,713686134122
112,61154459301906	3245,897546785995
58,17628296873147	1982,4960003032575
-197,75722030768685	-5630,8636553385795
113,42385965424478	2882,4354231039383
-84,23929037013636	-3644,1087349325558
131,26168872707342	4587,747348071653
30,612118840030007	770,5444523801133
191,62009618578884	5911,4043822001
-87,02834251819422	-3186,8593251302586
148,731090343343	4768,027667525478
-9,856812082560396	2,077783457366678
-145,7605426418147	-4339,001321792654
-53,719656382551875	-940,1188122949779
41,44762000149149	1977,1774660983892
-173,17901637777294	-5327,302477971088
120,2316747148459	3520,306065750739
-24,149463421930363	-1072,5234107058225
-185,58878334747357	-5516,351175091651
-189,71738282924298	-5955,261685114947
-48,31596946040065	-1400,3107710344866
-69,48155323149433	-3443,0282435295376
-191,85886567423609	-6589,084990600704
140,7189763640837	4626,817468164743
24,633134404476436	375,15665545704377
71,56723818514092	2109,2197215212695
-19,721061810993888	582,3173476647885
-187,82740930522772	-6147,442754650858
-24,601765942607926	-1021,4474424565659
-170,92106209086717	-5697,601881817881
-179,16386714707653	-5252,808732099639
69,59854545945359	3681,6553612117777
-82,5780864938962	-2208,005592687043
-86,38733985358874	-2828,0668314191644
194,46522662406596	6666,964194738349
15,912822544410915	1239,8414020010457
-152,8145836330978	-4705,421402236034
-81,9609104557419	-1703,8991093332838
-121,65148394873222	-3595,9158154769048
-90,48964207330073	-3701,2593103514673
-174,2828173628224	-5388,5370973901145
74,44634233694819	1660,3246502366446
-122,32926574906566	-3854,683699043263
44,52889838591557	1142,1982366446018
-91,0838160634932	-4310,754887854131
34,806863837574156	1096,3265417200555
-27,21580014739925	-10,9246119601396
-135,52698565072882	-3655,4273034191147
-15,729133885514784	-1066,7608823849646
-125,14818087079158	-4513,14204945617
-15,188041239072732	-813,1758304342945
-61,99139071742502	-2395,7044004856157
150,9352498979125	5100,202133327596
-24,967826018441883	-1301,3516728908876
57,68271931427148	1835,5548771616184
110,50067016950061	2960,3334359135542
-122,44296906929037	-3481,503448703147
-43,903826318815845	-531,1953980002428
-4,182840997276344	170,88540943326393
-56,949825026553185	-1367,5145713443349
193,7083787884178	6296,578709212458
-47,99290262345744	-2033,0667295453745
-6,004931432124522	-788,4444616095137
-3,8459782753602667	-333,43251198266387
94,47707331548872	2763,5621783577544
64,6364719564549	3326,763839094404
113,16572403978421	3786,237272749174
38,81292262356067	1479,0173422638454
20,519700983907683	1534,6075257815478
8,50790357613107	87,61632277654513
-107,03475202455382	-3087,6302920690046
177,10169427455185	6210,8434635831845
-179,8044217995626	-5752,728796516574
13,58757611695603	604,3756843812588
-56,94854680939193	-1986,869413020747
93,44801665191528	3459,8791457895773
-108,25279495379368	-3244,786366468503
97,78538421121038	3437,8083860582465
-194,32164956343127	-5939,757353865837
-62,16642256152909	-1711,5062205374438
94,92292507309548	2846,495606918933
168,36414360030585	4702,158435635023
-159,16987613069784	-5091,790405916152
-59,90718572905007	-2948,9407805309147
46,49275732621311	2177,4712172789295
182,28781796210228	6307,595873653723
163,62588219287557	4671,145866183401
-123,03274963217564	-4039,0731139976956
75,46665360713234	2382,4808888314315
40,85872421409465	1485,4114926126178
-130,72401920997885	-4629,529516923901
-68,16524673121467	-2283,202976297325
-88,39534671137113	-2878,2978213662404
-39,55085040564518	-156,1108672132939
-171,43875890440785	-5098,439862784398
-165,95492655410817	-4863,883902395094
-114,5124747788696	-4304,230928912333
-50,89360127792156	-1148,0698202073804
3,2686978401626448	321,5860369132571
1,6860673319177977	474,5042135966238
186,03444785000147	6799,75571319191
-185,98074130892456	-5319,904661841052
-35,5820352483787	-759,4916677216017
65,04933087162158	1667,7803045961425
-120,86353592852691	-4471,391966446272
163,05929659174365	4425,511665800462
-123,3608880037342	-3267,0152425764295
-182,05723168856912	-5918,68464183005
-12,962397235279468	272,1288075564147
-70,5761210377243	-2253,3492389433954
10,373324642518924	-529,2629637874411
-196,07876734244974	-6407,243800259617
182,63642414718527	6496,741343838454
150,92209869326064	5726,112217262858
-83,79689589757265	-2554,996136723261
1,365369458293344	-96,72151344219026
-12,313608681190999	-487,12045203479977
106,03993180769203	3427,7985972884862
-190,51970388403925	-5835,006228064524
147,4455269564122	4843,14305273996
13,706333184737673	1582,7695885321575
-101,89798181525941	-3650,5530470678937
113,47111660296707	3896,456458580701
100,93179883390451	3106,373997190149
-20,213341866721407	-418,82727512559774
-165,86687864697865	-5180,644374552706
-114,17909216914859	-3804,494516487503
-139,47077637540468	-4360,668976494849
-15,137567079477549	-24,903421683652937
118,25483518533076	4157,478640116881
83,56576665542502	2772,276711260501
78,32571204243231	1675,6216117285733
5,010717185220642	-606,8640552564125
157,44493171680926	6175,0539828293695
-161,55632296807863	-4750,53314993192
78,29156050428833	2464,332135254313
172,49252401906017	5370,737732787909
-42,78742412931615	-1499,7031797491798
-29,809763723734818	-1136,1977665267445
64,65330140603533	1530,002653352677
-84,04124684524277	-1549,778720157609
-28,32609618527863	-1399,2765195954012
175,97598292199916	5571,56456776532
26,85405341818523	1509,7758504131607
67,76885661165068	2438,585459876216
49,802490390643015	1265,0605268702818
133,16279368666062	4707,165705996478
-43,87658672573434	-1725,684022506668
-63,48412794716353	-2101,2750090030704
173,82812819251455	5286,010189382115
193,70253127548722	5757,1821743262835
64,33256930633922	1527,0038095306213
90,79894160336391	3587,0831724491954
46,09830044349633	866,358555131153
-116,65814598001322	-3490,82448709103
-164,31734221065824	-5598,235312074847
31,007359254435983	88,97826294371168